# Fractional-delay kernels for 44100 Hz (reference/subsample.py): low-delay minimax (LP).
# lookahead H = 6, taps N = 28. One line per fraction: f (tenths), then N float32 taps,
# oldest sample first (the C++ reversed() order: index j weights the j-th of N consecutive samples).
# Nominal delay from the newest sample read: H + f/10. Worst level 0.0194 dB, worst delay
# 0.0097 samples (float32 taps, 20 Hz to 20 kHz).
1 0.00143076945 -0.00158690603 0.00193177152 -0.00291796098 0.00371695939 -0.00489158556 0.00604880136 -0.00752864173 0.00896707084 -0.0106721548 0.0123911584 -0.0141174952 0.0159395263 -0.0174156204 0.0183196254 -0.0228580385 0.0291090775 -0.0347763784 0.044094611 -0.0625179186 0.1205597 0.971913457 -0.0774894506 0.0346767195 -0.0197666734 0.0121503454 -0.00849592593 0.00378512917
2 0.00236406294 -0.00268677855 0.00343038281 -0.00528867729 0.0067815003 -0.00916319154 0.0115237525 -0.0145149017 0.0177431945 -0.0213760342 0.0253524967 -0.0295302644 0.0338769145 -0.0379145965 0.0398188531 -0.046934329 0.0584453754 -0.0700436607 0.0889502168 -0.127273083 0.257994145 0.910600305 -0.130781919 0.0597886257 -0.0336092375 0.020188842 -0.0137510216 0.00600900874
3 0.00246788678 -0.00297884806 0.00393275078 -0.00612604478 0.00807393622 -0.0110516688 0.0142265959 -0.0182107817 0.0227560904 -0.0279600732 0.0339402072 -0.0405002832 0.0477691144 -0.0551815033 0.0594284348 -0.0683188066 0.0833364353 -0.100541987 0.128374845 -0.186307386 0.40386188 0.821410716 -0.160837725 0.0747042522 -0.0414311327 0.0241369121 -0.015622247 0.00664841058
4 0.00230280496 -0.00305104232 0.00428847177 -0.00610113889 0.0082176365 -0.0111785773 0.0145562207 -0.0187677462 0.0235771537 -0.0292982105 0.0359927192 -0.04385579 0.0531734675 -0.0622297898 0.0674983785 -0.077978462 0.0952433348 -0.116390176 0.151417106 -0.226546049 0.543531716 0.716397941 -0.175301522 0.0847263113 -0.0482209548 0.0281636473 -0.0189578645 0.00879039522
5 0.00234390562 -0.00271305395 0.00373735488 -0.0055242246 0.00736422185 -0.0100047188 0.0130016943 -0.0167738479 0.0213156808 -0.0267193113 0.0333765745 -0.0412379764 0.0511799641 -0.0623015873 0.0682487786 -0.0781900957 0.0966674611 -0.120249212 0.159487695 -0.247118905 0.673437357 0.597878218 -0.17255716 0.0867946744 -0.0506894216 0.0304094031 -0.0211591721 0.00999567658
6 0.00175150437 -0.00178827636 0.00257615861 -0.00393167976 0.0053277947 -0.00732880784 0.00965686794 -0.0126091829 0.0162698273 -0.0206789505 0.0263597015 -0.0331886522 0.0426522046 -0.054516308 0.0607652441 -0.0695799291 0.0873057619 -0.111061543 0.151079595 -0.244113654 0.786830842 0.472283542 -0.15570268 0.081577532 -0.0491700359 0.0303381011 -0.0222665593 0.0111616179
7 0.000904641231 -0.000852323021 0.00132916775 -0.00205583964 0.00292423577 -0.00406474108 0.00553493574 -0.00737051293 0.00977951195 -0.012710996 0.0167813413 -0.0216999687 0.0296163093 -0.0409627743 0.047084745 -0.0541016795 0.0690276846 -0.090407446 0.126968905 -0.215929657 0.878360987 0.345470667 -0.127617553 0.0697185621 -0.0434932336 0.0276199561 -0.0214450248 0.0115900831
8 0.000286943192 -5.97089229e-06 0.000147019309 -0.000456770882 0.000834210427 -0.00129732292 0.00193579902 -0.00272568152 0.00396803953 -0.00545184407 0.00777482148 -0.0104519296 0.0155268367 -0.025125416 0.0308794752 -0.0354119018 0.0459735729 -0.0623374581 0.0909126177 -0.16413109 0.945470214 0.221769467 -0.090466544 0.051561255 -0.0332114026 0.0216501672 -0.0177324619 0.0101153273
9 -0.000139436728 0.000414473208 -0.00014581492 7.56275622e-05 -9.69444227e-05 2.0528676e-05 0.000142115459 -0.000347448164 0.00072899065 -0.00109841221 0.0018665368 -0.00282694586 0.00501668872 -0.0106490543 0.0144422883 -0.0165919885 0.0221695267 -0.0312996432 0.0474404767 -0.0913291946 0.986558974 0.105043016 -0.0466554239 0.0276804641 -0.0186152663 0.0125854872 -0.0105642695 0.00617467426
